[gd_scene load_steps=7 format=3 uid="uid://c514njor17cvc"]

[ext_resource type="Script" path="res://Scripts/GameSnake.gd" id="1_jj3oq"]
[ext_resource type="PackedScene" uid="uid://bg2eiux2wqf3v" path="res://Scenes/Snake2.tscn" id="2_4mt42"]
[ext_resource type="PackedScene" uid="uid://dx04esqm7ed0" path="res://FBX/Catedral_Scene_no_Ivy_001.fbx" id="3_2542n"]

[sub_resource type="ProceduralSkyMaterial" id="ProceduralSkyMaterial_73e1h"]
sky_horizon_color = Color(0.64625, 0.65575, 0.67075, 1)
ground_horizon_color = Color(0.64625, 0.65575, 0.67075, 1)

[sub_resource type="Sky" id="Sky_enxy5"]
sky_material = SubResource("ProceduralSkyMaterial_73e1h")

[sub_resource type="Environment" id="Environment_x331o"]
background_mode = 2
sky = SubResource("Sky_enxy5")
tonemap_mode = 2
glow_enabled = true

[node name="GameSnake" type="Node3D"]
script = ExtResource("1_jj3oq")

[node name="DirectionalLight3D" type="DirectionalLight3D" parent="."]
transform = Transform3D(-0.866023, -0.433016, 0.250001, 0, 0.499998, 0.866027, -0.500003, 0.749999, -0.43301, 0, 0, 0)
shadow_enabled = true

[node name="WorldEnvironment" type="WorldEnvironment" parent="."]
environment = SubResource("Environment_x331o")

[node name="CameraPivot" type="Node3D" parent="."]

[node name="Camera3D" type="Camera3D" parent="CameraPivot"]
unique_name_in_owner = true
transform = Transform3D(0.999981, 0.00470895, -0.00392274, 0, 0.640051, 0.768332, 0.0061288, -0.768318, 0.640039, -0.151418, 5.93466, 5.73172)
current = true

[node name="Snakes" type="Node3D" parent="."]

[node name="Snake" parent="Snakes" instance=ExtResource("2_4mt42")]

[node name="Camera3D" type="Camera3D" parent="Snakes/Snake/MeshInstance3D" index="0"]
transform = Transform3D(0.761807, 0.323454, -0.561273, 1.36411e-08, 0.866424, 0.499309, 0.647804, -0.380377, 0.660048, -2.34686, 1.33409, 1.80725)
current = true

[node name="Catedral_Scene_no_Ivy_001" parent="." instance=ExtResource("3_2542n")]

[editable path="Snakes/Snake"]
